                                                                                        


                                                                                        


                                                                                        


                                                                                        


                      1675001               1675010               1675028               


                      1675001               1675010               1675028               


1675036               1675044               1675052               1675060               


1675036               1675044               1675052               1675060               


1675079               1675087               1675095               1675109               


1675079               1675087               1675095               1675109               


1675117               1675125               1675133               1675141               


1675117               1675125               1675133               1675141               


1675150               1675168               1675176               1675184               


1675150               1675168               1675176               1675184               


1675192               1675206               1675214               1675222               


1675192               1675206               1675214               1675222               


1675230               1675249               1675257               1675265               


1675230               1675249               1675257               1675265               


1675273               1675281               1675290               1675303               


1675273               1675281               1675290               1675303               


1675311               1675320               1675338               1675346               


1675311               1675320               1675338               1675346               


1675354               1675362               1675370               1675389               


1675354               1675362               1675370               1675389               


1675397               1675400               1675419               1675427               


1675397               1675400               1675419               1675427               


1675435               1675443               1675451               1675460               


1675435               1675443               1675451               1675460               


1675478               1675486               1675494               1675508               


1675478               1675486               1675494               1675508               


1675516               1675524               1675532               1675540               


1675516               1675524               1675532               1675540               


1675559               1675567               1675575               1675583               


1675559               1675567               1675575               1675583               


1675591               1675605               1675613               1675621               


1675591               1675605               1675613               1675621               


1675630               1675648               1675656               1675664               


1675630               1675648               1675656               1675664               


1675672               1675680               1675699               1675702               


1675672               1675680               1675699               1675702               


1675710               1675729               1675737               1675745               


1675710               1675729               1675737               1675745               


1675753               1675761               1675770               1675788               


1675753               1675761               1675770               1675788               


1675796               1675800               1675818               1675826               


1675796               1675800               1675818               1675826               


1675834               1675842               1675850               1675869               


1675834               1675842               1675850               1675869               


1675877               1675885               1675893               1675907               


1675877               1675885               1675893               1675907               


1675915               1675923               1675931               1675940               


1675915               1675923               1675931               1675940               


1675958               1675966               1675974               1675982               


1675958               1675966               1675974               1675982               


1675990               1676008               1676016               1676024               


1675990               1676008               1676016               1676024               


1676032               1676040               1676059               1676067               


1676032               1676040               1676059               1676067               


1676075               1676083               1676091               1676105               


1676075               1676083               1676091               1676105               


1676113               1676121               1676130               1676148               


1676113               1676121               1676130               1676148               


1676156               1676164               1676172               1676180               


1676156               1676164               1676172               1676180               


1676199               1676202               1676210               1676229               


1676199               1676202               1676210               1676229               


1676237               1676245               1676253               1676261               


1676237               1676245               1676253               1676261               


1676270               1676288               1676296               1676300               


1676270               1676288               1676296               1676300               


1676318               1676326               1676334               1676342               


1676318               1676326               1676334               1676342               


1676350               1676369               1676377               1676385               


1676350               1676369               1676377               1676385               


1676393               1676407               1676415               1676423               


1676393               1676407               1676415               1676423               


1676431               1676440               1676458               1676466               


1676431               1676440               1676458               1676466               


1676474               1676482               1676490               1676504               


1676474               1676482               1676490               1676504               


1676512               1676520               1676539               1676547               


1676512               1676520               1676539               1676547               


1676555               1676563               1676571               1676580               


1676555               1676563               1676571               1676580               


1676598               1676601               1676610               1676628               


1676598               1676601               1676610               1676628               


1676636               1676644               1676652               1676660               


1676636               1676644               1676652               1676660               


1676679               1676687               1676695               1676709               


1676679               1676687               1676695               1676709               


1676717               1676725               1676733               1676741               


1676717               1676725               1676733               1676741               


1676750               1676768               1676776               1676784               


1676750               1676768               1676776               1676784               


1676792               1676806               1676814               1676822               


1676792               1676806               1676814               1676822               


1676830               1676849               1676857               1676865               


1676830               1676849               1676857               1676865               


1676873               1676881               1676890               1676903               


1676873               1676881               1676890               1676903               


1676911               1676920               1676938               1676946               


1676911               1676920               1676938               1676946               


1676954               1676962               1676970               1676989               


1676954               1676962               1676970               1676989               


1676997               1677004               1677012               1677020               


1676997               1677004               1677012               1677020               


1677039               1677047               1677055               1677063               


1677039               1677047               1677055               1677063               


1677071               1677080               1677098               1677101               


1677071               1677080               1677098               1677101               


1677110               1677128               1677136               1677144               


1677110               1677128               1677136               1677144               


1677152               1677160               1677179               1677187               


1677152               1677160               1677179               1677187               


1677195               1677209               1677217               1677225               


1677195               1677209               1677217               1677225               


1677233               1677241               1677250               1677268               


1677233               1677241               1677250               1677268               


1677276               1677284               1677292               1677306               


1677276               1677284               1677292               1677306               


1677314               1677322               1677330               1677349               


1677314               1677322               1677330               1677349               


1677357               1677365               1677373               1677381               


1677357               1677365               1677373               1677381               


1677390               1677403               1677411               1677420               


1677390               1677403               1677411               1677420               


1677438               1677446               1677454               1677462               


1677438               1677446               1677454               1677462               


1677470               1677489               1677497               1677500               


1677470               1677489               1677497               1677500               


1677519               1677527               1677535               1677543               


1677519               1677527               1677535               1677543               


1677551               1677560               1677578               1677586               


1677551               1677560               1677578               1677586               


1677594               1677608               1677616               1677624               


1677594               1677608               1677616               1677624               


1677632               1677640               1677659               1677667               


1677632               1677640               1677659               1677667               


1677675               1677683               1677691               1677705               


1677675               1677683               1677691               1677705               


1677713               1677721               1677730               1677748               


1677713               1677721               1677730               1677748               


1677756               1677764               1677772               1677780               


1677756               1677764               1677772               1677780               


1677799               1677802               1677810               1677829               


1677799               1677802               1677810               1677829               


1677837               1677845               1677853               1677861               


1677837               1677845               1677853               1677861               


1677870               1677888               1677896               1677900               


1677870               1677888               1677896               1677900               


1677918               1677926               1677934               1677942               


1677918               1677926               1677934               1677942               


1677950               1677969               1677977               1677985               


1677950               1677969               1677977               1677985               


1677993               1678000               1678019               1678027               


1677993               1678000               1678019               1678027               


1678035               1678043               1678051               1678060               


1678035               1678043               1678051               1678060               


1678078               1678086               1678094               1678108               


1678078               1678086               1678094               1678108               


1678116               1678124               1678132               1678140               


1678116               1678124               1678132               1678140               


1678159               1678167               1678175               1678183               


1678159               1678167               1678175               1678183               


1678191               1678205               1678213               1678221               


1678191               1678205               1678213               1678221               


1678230               1678248               1678256               1678264               


1678230               1678248               1678256               1678264               


1678272               1678280               1678299               1678302               


1678272               1678280               1678299               1678302               


1678310               1678329               1678337               1678345               


1678310               1678329               1678337               1678345               


1678353               1678361               1678370               1678388               


1678353               1678361               1678370               1678388               


1678396               1678400               1678418               1678426               


1678396               1678400               1678418               1678426               


1678434               1678442               1678450               1678469               


1678434               1678442               1678450               1678469               


1678477               1678485               1678493               1678507               


1678477               1678485               1678493               1678507               


1678515               1678523               1678531               1678540               


1678515               1678523               1678531               1678540               


1678558               1678566               1678574               1678582               


1678558               1678566               1678574               1678582               


1678590               1678604               1678612               1678620               


1678590               1678604               1678612               1678620               


1678639               1678647               1678655               1678663               


1678639               1678647               1678655               1678663               


1678671               1678680               1678698               1678701               


1678671               1678680               1678698               1678701               


1678710               1678728               1678736               1678744               


1678710               1678728               1678736               1678744               


1678752               1678760               1678779               1678787               


1678752               1678760               1678779               1678787               


1678795               1678809               1678817               1678825               


1678795               1678809               1678817               1678825               


1678833               1678841               1678850               1678868               


1678833               1678841               1678850               1678868               


1678876               1678884               1678892               1678906               


1678876               1678884               1678892               1678906               


1678914               1678922               1678930               1678949               


1678914               1678922               1678930               1678949               


1678957               1678965               1678973               1678981               


1678957               1678965               1678973               1678981               


1678990               1679007               1679015               1679023               


1678990               1679007               1679015               1679023               


1679031               1679040               1679058               1679066               


1679031               1679040               1679058               1679066               


1679074               1679082               1679090               1679104               


1679074               1679082               1679090               1679104               


1679112               1679120               1679139               1679147               


1679112               1679120               1679139               1679147               


1679155               1679163               1679171               1679180               


1679155               1679163               1679171               1679180               


1679198               1679201               1679210               1679228               


1679198               1679201               1679210               1679228               


1679236               1679244               1679252               1679260               


1679236               1679244               1679252               1679260               


1679279               1679287               1679295               1679309               


1679279               1679287               1679295               1679309               


1679317               1679325               1679333               1679341               


1679317               1679325               1679333               1679341               


1679350               1679368               1679376               1679384               


1679350               1679368               1679376               1679384               


1679392               1679406               1679414               1679422               


1679392               1679406               1679414               1679422               


1679430               1679449               1679457               1679465               


1679430               1679449               1679457               1679465               


1679473               1679481               1679490               1679503               


1679473               1679481               1679490               1679503               


1679511               1679520               1679538               1679546               


1679511               1679520               1679538               1679546               


1679554               1679562               1679570               1679589               


1679554               1679562               1679570               1679589               


1679597               1679600               1679619               1679627               


1679597               1679600               1679619               1679627               


1679635               1679643               1679651               1679660               


1679635               1679643               1679651               1679660               


1679678               1679686               1679694               1679708               


1679678               1679686               1679694               1679708               


1679716               1679724               1679732               1679740               


1679716               1679724               1679732               1679740               


1679759               1679767               1679775               1679783               


1679759               1679767               1679775               1679783               


1679791               1679805               1679813               1679821               


1679791               1679805               1679813               1679821               


1679830               1679848               1679856               1679864               


1679830               1679848               1679856               1679864               


1679872               1679880               1679899               1679902               


1679872               1679880               1679899               1679902               


1679910               1679929               1679937               1679945               


1679910               1679929               1679937               1679945               


1679953               



1679953               



